 A R N D C Q E G H I L K M F P S T W Y V
A 0.11644025   0.04465969   0.026102904   0.04261304   0.022015411   0.0466031   0.09740088   0.07111547   0.017172528   0.025870107   0.06471222   0.09371578   0.01561443   0.018062497   0.07883691   0.07694294   0.06839629   0.008067358   0.018720463   0.046937715   
R 0.073552266   0.090320975   0.029475087   0.06297775   0.020585418   0.06074496   0.0980221   0.069343306   0.02014238   0.029366711   0.07191598   0.06416703   0.018747129   0.019978909   0.06839666   0.074052475   0.050578285   0.010165868   0.022042282   0.045424376   
N 0.07202125   0.045790117   0.04625731   0.05231374   0.021386292   0.069270685   0.067532234   0.09272821   0.019907434   0.03778919   0.073774114   0.06763093   0.017879004   0.026651813   0.07383086   0.06844345   0.058511008   0.013234041   0.026333494   0.048714846   
D 0.07505927   0.0585945   0.030255577   0.07932838   0.019646747   0.03957159   0.07937531   0.07704994   0.025441406   0.029624771   0.0768823   0.06631089   0.017162059   0.023522701   0.07381515   0.078871414   0.059823573   0.012469001   0.022976192   0.054219216   
C 0.079645775   0.046726502   0.0335308   0.041415583   0.07399309   0.039692532   0.080821075   0.068905994   0.023961924   0.027009714   0.067059204   0.103647135   0.010250007   0.02740231   0.07980229   0.0644848   0.055079225   0.00899536   0.023610061   0.04396652   
Q 0.068149775   0.051027417   0.035402432   0.03112418   0.015756246   0.14748508   0.102821596   0.07021474   0.017284928   0.029543482   0.06583104   0.06439457   0.036222097   0.012966675   0.08588491   0.058831558   0.041502222   0.012636086   0.016957372   0.035963655   
E 0.09203386   0.054783173   0.023178363   0.04483017   0.021483246   0.06724147   0.14125207   0.058997948   0.015823442   0.02502269   0.07402377   0.10345423   0.015522174   0.014832607   0.06611523   0.0647846   0.047683977   0.00817238   0.014731581   0.04603291   
G 0.07414408   0.044517748   0.030826515   0.043025244   0.017710669   0.05276035   0.06330736   0.15354386   0.01756293   0.02371156   0.05762966   0.050527472   0.010690718   0.026034025   0.09572952   0.07970185   0.08287742   0.0074782497   0.023409557   0.044811163   
H 0.07848081   0.04830394   0.029739898   0.0568396   0.029734505   0.0569839   0.07215156   0.077088274   0.040737282   0.027079256   0.077476606   0.046861243   0.012478283   0.020890439   0.08243045   0.0864565   0.068949945   0.010263804   0.022016192   0.05503736   
I 0.07827815   0.052943457   0.0398326   0.052785646   0.019389816   0.058609735   0.07933303   0.07107357   0.019210309   0.043139264   0.07874938   0.06459934   0.020490544   0.028186196   0.06263814   0.07607976   0.0556338   0.013492516   0.025865737   0.05966896   
L 0.07378132   0.051052693   0.032496706   0.05612796   0.020378632   0.058479935   0.09473898   0.0677792   0.022066241   0.033316303   0.094949976   0.06533619   0.016893202   0.026112357   0.06249578   0.075313054   0.05835835   0.009817354   0.022500819   0.058004916   
K 0.10814138   0.041437387   0.02941802   0.046030253   0.029499605   0.04948058   0.123540305   0.059146166   0.012465975   0.024469048   0.06108443   0.16325851   0.012789749   0.015564667   0.05673245   0.058404196   0.04707668   0.006233886   0.014575509   0.040651254   
M 0.08051029   0.053203207   0.03915741   0.046835583   0.012049476   0.13042301   0.08135155   0.04905961   0.01602181   0.03837159   0.06734032   0.05437183   0.052795026   0.020123456   0.065348804   0.06574559   0.05078885   0.014902761   0.01832758   0.043272227   
F 0.07412929   0.050173663   0.036971625   0.062332205   0.026178235   0.036944937   0.06571073   0.08940151   0.019666472   0.038745448   0.090665005   0.05444976   0.014583478   0.04162666   0.056232497   0.08655659   0.06126754   0.010916861   0.027218679   0.0562288   
P 0.07395699   0.03908075   0.025587102   0.03870691   0.021251172   0.058146663   0.06032774   0.088065885   0.018061364   0.019955158   0.046700813   0.048594575   0.010666711   0.013502625   0.18049665   0.09659719   0.09205876   0.007992447   0.020275187   0.039975293   
S 0.07461643   0.043619465   0.027224012   0.04972294   0.01742622   0.04329128   0.0678348   0.08057628   0.019267483   0.025820231   0.06279262   0.054063622   0.013109634   0.023122868   0.101355016   0.123301126   0.087777436   0.0066702827   0.02750678   0.050901484   
T 0.07474183   0.03324198   0.023383658   0.040772468   0.017670289   0.0360486   0.058104105   0.09803087   0.019047467   0.02268279   0.05905444   0.045611188   0.012544037   0.018265167   0.11378054   0.10115678   0.14999542   0.0062646   0.02096638   0.048637412   
W 0.06798107   0.057300936   0.042207964   0.06327242   0.017997902   0.086428955   0.069845445   0.06849224   0.023095684   0.038648415   0.070104614   0.045377847   0.033400666   0.03031673   0.07713815   0.058149222   0.048866563   0.02058895   0.026643908   0.054142397   
Y 0.06929414   0.048174635   0.040097628   0.05356443   0.021790754   0.047084354   0.061255157   0.09229602   0.019334445   0.034531858   0.074896224   0.04915774   0.012205963   0.028325353   0.07560074   0.098222524   0.06281738   0.011621195   0.050030172   0.049699325   
V 0.08510661   0.0481739   0.030837078   0.05224283   0.022158507   0.04463954   0.08045911   0.07816939   0.023286084   0.03386825   0.08255601   0.05699141   0.015576009   0.023958066   0.076102965   0.08501748   0.065037236   0.009280816   0.023488907   0.06304983   
